metric:			 MRR 		 MR 		 hit@10 	 hit@3   hit@1
l(raw):			 0.070004 	 1087.102905 	 0.104595 	 0.077512 	 0.050056
r(raw):			 0.610356 	 40.811916 	 0.856929 	 0.806313 	 0.441352
averaged(raw):		 0.340180 	 563.957397 	 0.480762 	 0.441913 	 0.245704

l(filter):		 0.398943 	 257.476654 	 0.553231 	 0.435749 	 0.317333
r(filter):		 0.798024 	 40.247105 	 0.857863 	 0.823496 	 0.761860
averaged(filter):	 0.598483 	 148.861877 	 0.705547 	 0.629623 	 0.539597
type constraint results:
metric:			 MRR 		 MR 		 hit@10 	 hit@3   hit@1
l(raw):			 0.070145 	 1044.030029 	 0.104968 	 0.077699 	 0.050056
r(raw):			 0.612707 	 33.211990 	 0.860478 	 0.815091 	 0.441913
averaged(raw):		 0.341426 	 538.621033 	 0.482723 	 0.446395 	 0.245984

l(filter):		 0.416864 	 214.403809 	 0.564998 	 0.456855 	 0.336010
r(filter):		 0.805317 	 32.647179 	 0.861038 	 0.830594 	 0.771012
averaged(filter):	 0.611090 	 123.525497 	 0.713018 	 0.643724 	 0.553511
triple classification accuracy is 0.912743
