<pre>metric:			 MRR 		 MR 		 hit@10 	 hit@3  	 hit@1
l(raw):			 0.140306 	 1214.705811 	 0.144565 	 0.141950 	 0.135226
r(raw):			 0.416815 	 72.420059 	 0.840867 	 0.577325 	 0.193500
averaged(raw):		 0.278560 	 643.562927 	 0.492716 	 0.359638 	 0.164363

l(filter):		 0.179470 	 380.575073 	 0.235151 	 0.177811 	 0.147553
r(filter):		 0.485835 	 71.857117 	 0.850205 	 0.679866 	 0.260740
averaged(filter):	 0.332652 	 226.216095 	 0.542678 	 0.428838 	 0.204146
type constraint results:
metric:			 MRR 		 MR 		 hit@10 	 hit@3  	 hit@1
l(raw):			 0.142215 	 1145.904907 	 0.145312 	 0.143071 	 0.137841
r(raw):			 0.598322 	 25.493464 	 0.902876 	 0.766343 	 0.417258
averaged(raw):		 0.370268 	 585.699158 	 0.524094 	 0.454707 	 0.277550

l(filter):		 0.211703 	 311.774200 	 0.258685 	 0.209563 	 0.181547
r(filter):		 0.746312 	 24.930519 	 0.903997 	 0.843481 	 0.640829
averaged(filter):	 0.479008 	 168.352356 	 0.581341 	 0.526522 	 0.411188
triple classification accuracy is 0.903027
</pre>